00000033
00300413
100104b7
00000033
00000033
00000033
00c48493
100109b7
00000033
00000033
00000033
00098993
00800933
00100713
000008b3
000002b3
01000fef
00000033
00000033
00000033
0124a023
00000033
00000033
00000033
00448493
00428293
fff90913
fe0912e3
00000033
00000033
ffc48493
00900333
0069a023
00430393
00538e33
ffce0e13
ffc38393
0079a223
00000033
00000033
00000033
01c9a423
00000033
00000033
00000033
00800933
020000ef
00000033
00000033
00000033
27400fef
00000033
00000033
00000033
ffc10113
00112023
00000033
00000033
00000033
ffc10113
01212023
00000033
00000033
00000033
12e90e63
00000033
00000033
00000033
fff90913
088000ef
00000033
00000033
00000033
fb5ff0ef
00000033
00000033
00000033
00100893
064000ef
00000033
00000033
00000033
0f4000ef
00000033
00000033
00000033
000008b3
090000ef
00000033
00000033
00000033
f6dff0ef
00000033
00000033
00000033
070000ef
00000033
00000033
00000033
148000ef
00000033
00000033
00000033
0049a303
00000033
00000033
00000033
0089a383
00000033
00000033
00000033
0079a223
00000033
00000033
00000033
0069a423
00000033
00000033
00000033
000080e7
00000033
00000033
00000033
0049a303
00000033
00000033
00000033
0009a383
00000033
00000033
00000033
0069a023
00000033
00000033
00000033
0079a223
00000033
00000033
00000033
000080e7
00000033
00000033
00000033
0009a283
00000033
00000033
00000033
0002a303
00000033
00000033
00000033
0002a023
00000033
00000033
00000033
ffc28293
0059a023
00000033
00000033
00000033
0089ae03
00000033
00000033
00000033
004e0e13
006e2023
00000033
00000033
00000033
01c9a423
00000033
00000033
00000033
02088063
00000033
00000033
00000033
06800fef
00000033
00000033
00000033
00012903
00000033
00000033
00000033
00012023
00000033
00000033
00000033
00410113
00012083
00000033
00000033
00000033
00012023
00000033
00000033
00000033
00410113
000080e7
00000033
00000033
00000033
000080e7
00000033
00000033
00000033
